Reference Time is 1717415180.280402
No of workers is 4
Prefetch factor is 2
Batch size is  16
      epoch    Start_time     Stop_time  epochtime_ms     log_time
0         0  1.717415e+09  1.717415e+09  10617.985725    25.952519
1         0  1.717415e+09  1.717415e+09    229.086637    27.205213
2         0  1.717415e+09  1.717415e+09    196.804285    28.582458
3         0  1.717415e+09  1.717415e+09    197.223663    30.125777
4         0  1.717415e+09  1.717415e+09    200.714827    30.549377
...     ...           ...           ...           ...          ...
7810      4  1.717418e+09  1.717418e+09    179.592133  2788.623847
7811      4  1.717418e+09  1.717418e+09    105.588913  2788.941113
7812      4  1.717418e+09  1.717418e+09    106.095552  2789.257355
7813      4  1.717418e+09  1.717418e+09    106.047153  2789.579696
7814      4  1.717418e+09  1.717418e+09    174.504995  2789.857327

[7815 rows x 5 columns]
