Reference Time is 1717332212.9026506
No of workers is 4
Prefetch factor is 2
Batch size is  16
      epoch    Start_time     Stop_time  epochtime_ms     log_time
0         0  1.717332e+09  1.717332e+09   1424.519539    34.609157
1         0  1.717332e+09  1.717332e+09     98.893166    35.421321
2         0  1.717332e+09  1.717332e+09     92.280865    36.358655
3         0  1.717332e+09  1.717332e+09     78.644991    37.328742
4         0  1.717332e+09  1.717332e+09     73.071957    37.533457
...     ...           ...           ...           ...          ...
7810      4  1.717334e+09  1.717334e+09     68.409204  1510.989576
7811      4  1.717334e+09  1.717334e+09     48.522711  1511.164762
7812      4  1.717334e+09  1.717334e+09     49.476147  1511.339687
7813      4  1.717334e+09  1.717334e+09     49.396992  1511.517946
7814      4  1.717334e+09  1.717334e+09     72.024345  1511.653763

[7815 rows x 5 columns]
