Reference Time is 1718135758.8875823
No of workers is 4
Prefetch factor is 2
Batch size is  16
      epoch    Start_time     Stop_time  epochtime_ms      log_time
0         0  1.718136e+09  1.718136e+09   5263.706446     32.095028
1         0  1.718136e+09  1.718136e+09   5110.262871     38.254816
2         0  1.718136e+09  1.718136e+09   4886.975527     44.309832
3         0  1.718136e+09  1.718136e+09   5012.113810     50.599096
4         0  1.718136e+09  1.718136e+09   5420.014143     56.230269
...     ...           ...           ...           ...           ...
1558      0  1.718146e+09  1.718146e+09   6139.503717  10139.874153
1559      0  1.718146e+09  1.718146e+09   6210.417747  10146.356638
1560      0  1.718146e+09  1.718146e+09   6133.430243  10152.801977
1561      0  1.718146e+09  1.718146e+09   6343.744278  10159.470060
1562      0  1.718146e+09  1.718146e+09   3097.633600  10162.734312

[1563 rows x 5 columns]
